>CAMTA1 CAMTA1_CHS
0.09061 0.39022 0.43212 0.08705
0.22096 0.10428 0.63817 0.03659
0.25460 0.34397 0.37746 0.02397
0.30927 0.10849 0.40689 0.17535
0.19994 0.06223 0.69284 0.04500
0.06958 0.49535 0.39428 0.04079
0.19573 0.16315 0.35643 0.28468
0.09902 0.15474 0.73489 0.01136
0.18312 0.48694 0.25131 0.07864
0.22517 0.11269 0.57089 0.09125
0.04856 0.15474 0.76432 0.03238
0.19573 0.45330 0.20505 0.14592
0.17050 0.14213 0.65499 0.03238
0.19994 0.25146 0.50781 0.04079
0.17471 0.26828 0.48258 0.07443
0.17471 0.16315 0.62555 0.03659
0.20835 0.12951 0.63396 0.02818
0.25460 0.48273 0.17141 0.09125
0.12004 0.13792 0.51622 0.22581
0.05276 0.21361 0.71807 0.01556
0.20414 0.40284 0.31859 0.07443
0.24199 0.20520 0.47838 0.07443
0.22517 0.16315 0.60032 0.01136
0.25460 0.14633 0.55407 0.04500
0.22096 0.24725 0.47417 0.05761
0.13266 0.23464 0.49520 0.13751
0.18732 0.45330 0.30597 0.05341
0.14527 0.30192 0.46997 0.08284
0.15368 0.11690 0.64658 0.08284
0.16209 0.35238 0.42371 0.06182

>LEUTX LEUTX_CHS
0.05974 0.64104 0.21996 0.07926
0.07257 0.67953 0.15153 0.09636
0.57298 0.12353 0.16436 0.13913
0.08968 0.09787 0.76313 0.04932
0.11534 0.59399 0.24990 0.04076
0.46178 0.08504 0.32261 0.13058
0.15811 0.54267 0.22851 0.07070
0.06830 0.24328 0.23279 0.45563
0.07685 0.13636 0.32261 0.46418
0.09824 0.21762 0.26701 0.41714
0.14956 0.17058 0.63910 0.04076
0.12817 0.08931 0.75030 0.03221
0.12390 0.07221 0.75886 0.04504
0.64996 0.08076 0.16864 0.10064
0.16667 0.06365 0.72892 0.04076
0.06402 0.07221 0.80590 0.05787
0.05119 0.75224 0.16008 0.03649
0.11962 0.38870 0.27984 0.21184
0.17522 0.10214 0.70326 0.01938
0.61147 0.11925 0.19430 0.07498
0.08540 0.03371 0.83156 0.04932
0.11534 0.16202 0.68615 0.03649
0.06830 0.51273 0.21141 0.20756
0.26931 0.04654 0.60916 0.07498
0.11107 0.11925 0.72036 0.04932
0.09396 0.14491 0.73319 0.02793
0.28214 0.29888 0.19430 0.22467
0.10251 0.08076 0.76313 0.05359
0.12817 0.14919 0.69898 0.02366
0.60292 0.16630 0.18147 0.04932

>MYF6 MYF6_CHS
0.18118 0.05958 0.05216 0.70707
0.09813 0.64926 0.07293 0.17969
0.12305 0.04713 0.04386 0.78597
0.21440 0.63265 0.08123 0.07172
0.70441 0.04297 0.03140 0.22121
0.83730 0.01806 0.10615 0.03850
0.66289 0.15925 0.11030 0.06757
0.72102 0.05543 0.07293 0.15062
0.84976 0.05543 0.04386 0.05096
0.78331 0.05958 0.07708 0.08002
0.73348 0.03882 0.15598 0.07172
0.82899 0.07204 0.06877 0.03019
0.78331 0.07619 0.09369 0.04680
0.66704 0.07204 0.08538 0.17553
0.78747 0.08450 0.03971 0.08833
0.64212 0.14264 0.14767 0.06757
0.78331 0.07619 0.08538 0.05511
0.77916 0.10111 0.07293 0.04680
0.79162 0.06374 0.09784 0.04680
0.66289 0.07204 0.11030 0.15477
0.67950 0.07619 0.10199 0.14231
0.58814 0.13018 0.17674 0.10494
0.69196 0.07204 0.08538 0.15062
0.59645 0.09280 0.18089 0.12986
0.60475 0.10111 0.13106 0.16308
0.50093 0.20908 0.18505 0.10494
0.62551 0.10111 0.10615 0.16723

>ZBED2 ZBED2_CHS
0.18992 0.28318 0.46833 0.05858
0.15683 0.15498 0.62134 0.06685
0.18992 0.22114 0.54690 0.04204
0.21059 0.34934 0.39389 0.04617
0.23127 0.15084 0.45179 0.16610
0.08239 0.10949 0.76608 0.04204
0.16097 0.16738 0.60480 0.06685
0.11548 0.27491 0.56345 0.04617
0.14856 0.39070 0.34840 0.11234
0.16510 0.35761 0.30291 0.17437
0.21473 0.12603 0.50141 0.15783
0.07412 0.08881 0.81157 0.02549
0.41737 0.08054 0.47660 0.02549
0.04104 0.04332 0.88601 0.02963
0.09067 0.13844 0.74541 0.02549
0.21059 0.53130 0.15817 0.09993
0.14856 0.13016 0.55104 0.17023
0.08239 0.08054 0.76608 0.07098
0.07826 0.24596 0.64202 0.03376
0.20232 0.15084 0.57585 0.07098
0.17751 0.22528 0.50555 0.09166
0.11134 0.22114 0.53450 0.13302
0.18578 0.09708 0.59653 0.12061
0.12375 0.14671 0.67097 0.05858
0.26435 0.27077 0.40630 0.05858
0.15270 0.27077 0.51382 0.06271
0.08239 0.25423 0.60066 0.06271
0.11548 0.20460 0.57585 0.10407
0.21473 0.18806 0.55931 0.03790
0.14029 0.17152 0.60480 0.08339

>ZBED5 ZBED5_CHS
0.63568 0.09412 0.13215 0.13805
0.52352 0.13294 0.26156 0.08197
0.67882 0.03373 0.14940 0.13805
0.18273 0.43060 0.14078 0.24589
0.19567 0.29687 0.08038 0.42708
0.16116 0.58158 0.07607 0.18119
0.36391 0.30981 0.09764 0.22864
0.29489 0.12000 0.38667 0.19844
0.21293 0.08981 0.11921 0.57806
0.19567 0.43923 0.20548 0.15962
0.22155 0.10706 0.06744 0.60394
0.14822 0.48668 0.12784 0.23727
0.45881 0.10275 0.06744 0.37100
0.60980 0.13726 0.07607 0.17687
0.53215 0.21922 0.14509 0.10354
0.54941 0.06392 0.13646 0.25021
0.67882 0.13726 0.13215 0.05177
0.83412 0.05961 0.06744 0.03883
0.72196 0.06392 0.12784 0.08628
0.70902 0.07686 0.08470 0.12942
0.60549 0.05098 0.18392 0.15962
0.57529 0.09412 0.11921 0.21138
0.65294 0.18902 0.07607 0.08197
0.57098 0.22785 0.07176 0.12942
0.68745 0.08549 0.08038 0.14668
0.70470 0.12432 0.06313 0.10785
0.71333 0.11569 0.04587 0.12511
0.57960 0.06824 0.17960 0.17256
0.50627 0.08981 0.18392 0.22001
0.39411 0.09412 0.18392 0.32786

>ZNF20 ZNF20_CHS
0.86873 0.05686 0.03648 0.03793
0.91528 0.02893 0.03648 0.01930
0.93390 0.02893 0.01786 0.01930
0.02613 0.01497 0.93960 0.01930
0.02147 0.01497 0.01786 0.94570
0.93856 0.01497 0.02717 0.01930
0.02147 0.89481 0.01786 0.06586
0.86407 0.04290 0.05045 0.04258
0.02147 0.88084 0.01786 0.07982
0.04940 0.01497 0.03183 0.90380
0.02147 0.93205 0.01786 0.02862
0.02147 0.92274 0.01786 0.03793
0.92459 0.01497 0.03183 0.02862
0.03544 0.88550 0.02252 0.05655
0.90597 0.01497 0.05976 0.01930
0.07268 0.02893 0.86512 0.03327
0.80821 0.01497 0.13424 0.04258
0.03078 0.02893 0.92098 0.01930
0.02613 0.10807 0.02717 0.83863
0.16579 0.01497 0.77667 0.04258
0.13320 0.04290 0.75805 0.06586
0.10992 0.06152 0.79994 0.02862
0.88735 0.03359 0.04579 0.03327
0.03544 0.01962 0.92098 0.02396
0.05406 0.62015 0.05045 0.27534
0.52889 0.02893 0.39494 0.04724
0.04009 0.01497 0.91167 0.03327
0.02613 0.01962 0.93495 0.01930
0.02147 0.91808 0.03648 0.02396
0.02147 0.12669 0.01786 0.83397

>ZNF251 ZNF251_CHS
0.42319 0.08832 0.27968 0.20881
0.27820 0.19589 0.13469 0.39121
0.49802 0.15380 0.08324 0.26493
0.20805 0.26605 0.08792 0.43798
0.07709 0.32685 0.15808 0.43798
0.34836 0.07429 0.03647 0.54088
0.11451 0.58876 0.04115 0.25558
0.73187 0.10703 0.02712 0.13398
0.14725 0.17251 0.05050 0.62974
0.73187 0.04155 0.12534 0.10124
0.17063 0.15848 0.11131 0.55959
0.75526 0.06961 0.13937 0.03576
0.61027 0.05091 0.19549 0.14333
0.40448 0.07897 0.32177 0.19478
0.08177 0.09300 0.04583 0.77941
0.29691 0.04155 0.60239 0.05914
0.37174 0.10235 0.44805 0.07785
0.68043 0.09300 0.18146 0.04511
0.71784 0.06961 0.13001 0.08253
0.30159 0.06494 0.10663 0.52685
0.26417 0.47184 0.07389 0.19010
0.70849 0.02284 0.08324 0.18542
0.15192 0.12106 0.11131 0.61571
0.59624 0.02284 0.30306 0.07785
0.23611 0.39233 0.03180 0.33977
0.64769 0.04155 0.17211 0.13865
0.33433 0.09300 0.36854 0.20413
0.14725 0.10703 0.10663 0.63909

>ZNF367 ZNF367_CHS
0.38205 0.06233 0.45930 0.09632
0.19584 0.17871 0.57103 0.05442
0.36809 0.21595 0.22188 0.19408
0.22377 0.03440 0.63155 0.11028
0.02825 0.17405 0.71068 0.08701
0.25170 0.51389 0.12878 0.10563
0.22843 0.14147 0.35689 0.27322
0.12601 0.13216 0.68741 0.05442
0.19584 0.07164 0.57568 0.15684
0.27033 0.10423 0.54310 0.08235
0.34015 0.09491 0.47792 0.08701
0.24239 0.27647 0.40344 0.07770
0.12601 0.13681 0.46861 0.26856
0.16791 0.21595 0.55241 0.06373
0.12601 0.41147 0.33827 0.12425
0.27498 0.13681 0.36154 0.22667
0.13532 0.10423 0.62224 0.13822
0.16791 0.10423 0.56637 0.16149
0.24239 0.17871 0.51051 0.06839
0.18653 0.12750 0.48723 0.19873
0.11205 0.34630 0.43603 0.10563
0.24705 0.25785 0.32895 0.16615
0.19119 0.32302 0.41740 0.06839
0.15394 0.13216 0.47327 0.24063
0.13532 0.20664 0.52447 0.13356
0.33084 0.27647 0.32895 0.06373
0.45188 0.15543 0.30568 0.08701
0.19119 0.19267 0.52913 0.08701
0.13532 0.34164 0.46396 0.05908

>ZNF395 ZNF395_CHS
0.04558 0.64585 0.17091 0.13767
0.01721 0.48378 0.19927 0.29974
0.13066 0.37844 0.28841 0.20250
0.04558 0.56886 0.23574 0.14982
0.06178 0.53645 0.27625 0.12551
0.09825 0.37844 0.19927 0.32405
0.05773 0.55266 0.33703 0.05258
0.08204 0.70662 0.16281 0.04853
0.10635 0.39464 0.30056 0.19844
0.09825 0.28930 0.45858 0.15388
0.04152 0.60128 0.23979 0.11741
0.14687 0.47568 0.19522 0.18224
0.06178 0.38249 0.32892 0.22681
0.02937 0.68636 0.18712 0.09715
0.04963 0.55671 0.09798 0.29568
0.04963 0.26904 0.47478 0.20655
0.02532 0.60938 0.23574 0.12957
0.06583 0.56481 0.10203 0.26732
0.02937 0.37844 0.23979 0.35241
0.04558 0.62964 0.14255 0.18224
0.13471 0.63369 0.09393 0.13767
0.09420 0.15154 0.60039 0.15388
0.00911 0.70257 0.26815 0.02017
0.11851 0.55671 0.07772 0.24706
0.04963 0.36628 0.28436 0.29974
0.02127 0.57292 0.11419 0.29163
0.06583 0.47568 0.15875 0.29974
0.01721 0.22042 0.42616 0.33620
0.02532 0.77145 0.19117 0.01207
0.09420 0.51619 0.09798 0.29163

>ZNF493 ZNF493_CHS
0.84689 0.02292 0.09212 0.03808
0.05275 0.77562 0.02997 0.14166
0.03204 0.87230 0.05068 0.04498
0.90213 0.04364 0.02997 0.02427
0.05275 0.02292 0.90006 0.02427
0.04585 0.03673 0.05068 0.86674
0.03204 0.02292 0.02997 0.91508
0.03204 0.65132 0.07140 0.24524
0.03204 0.89302 0.02997 0.04498
0.07347 0.72038 0.02997 0.17619
0.41184 0.04364 0.46501 0.07951
0.03204 0.04364 0.02997 0.89436
0.90213 0.02292 0.05068 0.02427
0.03204 0.76181 0.02997 0.17619
0.90904 0.03673 0.02997 0.02427
0.03204 0.09198 0.05068 0.82531
0.86761 0.02292 0.08521 0.02427
0.03204 0.02292 0.92078 0.02427
0.88832 0.04364 0.02997 0.03808
0.05275 0.66513 0.02997 0.25215
0.69497 0.04364 0.11974 0.14166
0.05275 0.72038 0.18879 0.03808
0.03204 0.04364 0.02997 0.89436
0.03204 0.02292 0.04378 0.90127
0.22539 0.02292 0.70671 0.04498
0.10800 0.18865 0.67909 0.02427
0.21158 0.02292 0.05068 0.71482
0.03204 0.09888 0.17498 0.69410
0.75712 0.18865 0.02997 0.02427
0.05275 0.69276 0.05068 0.20381

>ZNF518B ZNF518B_CHS
0.33486 0.13781 0.29435 0.23299
0.61883 0.09591 0.18728 0.09799
0.53503 0.07729 0.28970 0.09799
0.70728 0.09125 0.05228 0.14919
0.14399 0.38919 0.25711 0.20971
0.09744 0.41712 0.09418 0.39127
0.17192 0.60799 0.07555 0.14454
0.15796 0.32867 0.02435 0.48903
0.18589 0.06798 0.54573 0.20040
0.12071 0.07263 0.07090 0.73576
0.13933 0.57540 0.05693 0.22833
0.13933 0.06332 0.04297 0.75438
0.23244 0.51023 0.09883 0.15850
0.44193 0.07263 0.04762 0.43782
0.60951 0.08660 0.13607 0.16782
0.42331 0.31936 0.15004 0.10730
0.49779 0.06332 0.12211 0.31678
0.59555 0.05867 0.16866 0.17713
0.68865 0.10987 0.12676 0.07471
0.69331 0.10987 0.12211 0.07471
0.74452 0.08660 0.09418 0.07471
0.62814 0.10987 0.14073 0.12126
0.52107 0.04470 0.08021 0.35403
0.65607 0.08660 0.09418 0.16316
0.32554 0.29608 0.17331 0.20506
0.61417 0.10056 0.12211 0.16316
0.61417 0.10987 0.15004 0.12592
0.72124 0.07729 0.05228 0.14919
0.58624 0.09591 0.14538 0.17247
0.55365 0.09125 0.14073 0.21437

>ZNF648 ZNF648_CHS
0.58360 0.10504 0.16964 0.14172
0.50798 0.12283 0.20522 0.16396
0.34340 0.34079 0.10736 0.20845
0.33895 0.25183 0.12071 0.28851
0.30336 0.45644 0.09402 0.14617
0.37898 0.29631 0.06288 0.26182
0.33005 0.09614 0.35201 0.22179
0.40567 0.08725 0.15629 0.35079
0.25888 0.34969 0.15629 0.23513
0.20995 0.09169 0.13405 0.56430
0.07651 0.45644 0.12071 0.34634
0.41457 0.16286 0.03619 0.38637
0.58360 0.10504 0.16074 0.15062
0.47684 0.21624 0.19633 0.11059
0.43681 0.17176 0.10292 0.28851
0.49019 0.07390 0.12961 0.30631
0.52133 0.11394 0.16964 0.19510
0.68146 0.02942 0.12071 0.16841
0.49019 0.20290 0.16074 0.14617
0.66367 0.14507 0.07623 0.11503
0.46350 0.06056 0.24526 0.23069
0.62808 0.13173 0.15185 0.08834
0.50798 0.24293 0.16074 0.08834
0.61919 0.12728 0.09847 0.15507
0.54357 0.23848 0.08068 0.13727
0.65922 0.09614 0.06733 0.17731
0.60584 0.09169 0.15629 0.14617
0.56581 0.06501 0.18743 0.18176
0.41012 0.12283 0.14740 0.31965
0.55246 0.09169 0.07623 0.27962

>CAMTA1 CAMTA1_GHTS
0.05013 0.62699 0.23980 0.08309
0.02244 0.43712 0.02620 0.51424
0.01848 0.01784 0.92410 0.03958
0.01057 0.92365 0.03411 0.03167
0.92825 0.01784 0.02224 0.03167
0.36657 0.16023 0.22793 0.24527
0.01848 0.02970 0.02620 0.92562
0.01453 0.02575 0.92410 0.03563
0.05804 0.79707 0.08553 0.05936
0.27559 0.06135 0.60370 0.05936
0.08177 0.18792 0.54437 0.18594
0.19252 0.59534 0.06575 0.14638
0.57225 0.10486 0.20420 0.11869

>LEUTX LEUTX_GHTS
0.27934 0.03177 0.44092 0.24797
0.11661 0.01550 0.80299 0.06491
0.04745 0.01956 0.89656 0.03643
0.94245 0.01550 0.01783 0.02422
0.03118 0.01550 0.01376 0.93956
0.07186 0.02363 0.03817 0.86633
0.94652 0.01956 0.00970 0.02422

>MYF6 MYF6_GHTS
0.64674 0.07124 0.03463 0.24740
0.01471 0.96285 0.01206 0.01039
0.95146 0.02233 0.01206 0.01415
0.04104 0.38349 0.55379 0.02167
0.05985 0.77098 0.12492 0.04425
0.01847 0.02233 0.01582 0.94338
0.01471 0.02609 0.94881 0.01039
0.20657 0.14272 0.01582 0.63489
0.02976 0.39854 0.04215 0.52955

>PRDM13 PRDM13_GHTS
0.57897 0.01157 0.19603 0.21342
0.05735 0.02316 0.90698 0.01250
0.01872 0.94275 0.02603 0.01250
0.86103 0.01157 0.02603 0.10137
0.01099 0.01930 0.94948 0.02023
0.02258 0.03476 0.93016 0.01250
0.01099 0.01157 0.02603 0.95141
0.01099 0.01157 0.96493 0.01250

>USF3 USF3_GHTS
0.02044 0.65072 0.02503 0.30381
0.01283 0.95512 0.02123 0.01082
0.95267 0.01528 0.02123 0.01082
0.01283 0.95131 0.02503 0.01082
0.01283 0.01528 0.96106 0.01082
0.01283 0.01528 0.02123 0.95066
0.01283 0.01528 0.96106 0.01082
0.03566 0.01528 0.92301 0.02604

>ZBED2 ZBED2_GHTS
0.30219 0.04446 0.62236 0.03099
0.01480 0.01499 0.92449 0.04572
0.01480 0.02236 0.35708 0.60576
0.01480 0.02972 0.04021 0.91526
0.01480 0.02236 0.04021 0.92263
0.07375 0.85505 0.04758 0.02362
0.05902 0.02236 0.88027 0.03835

>ZBED5 ZBED5_GHTS
0.18660 0.19140 0.11401 0.50800
0.13245 0.12248 0.65058 0.09449
0.10292 0.30462 0.53243 0.06003
0.10784 0.35384 0.11893 0.41939
0.01431 0.35877 0.58166 0.04527
0.44750 0.16678 0.34537 0.04034
0.15706 0.12248 0.20754 0.51292
0.12753 0.11263 0.71457 0.04527
0.09799 0.22585 0.64565 0.03050
0.23090 0.10279 0.14847 0.51784
0.04384 0.22585 0.68996 0.04034
0.28505 0.14709 0.50290 0.06496

>ZNF20 ZNF20_GHTS
0.05009 0.01575 0.89772 0.03645
0.01767 0.04411 0.90987 0.02835
0.77128 0.07247 0.01445 0.14179
0.09060 0.01575 0.87341 0.02024
0.32965 0.06437 0.03471 0.57127
0.03388 0.01575 0.93013 0.02024
0.01362 0.04006 0.02256 0.92377
0.92525 0.01575 0.03066 0.02835
0.01767 0.93953 0.01445 0.02835
0.10276 0.04006 0.03066 0.82653

>ZNF251 ZNF251_GHTS
0.09593 0.08477 0.73840 0.08090
0.09074 0.08996 0.05898 0.76032
0.08555 0.02772 0.83176 0.05497
0.31894 0.22999 0.05898 0.39208
0.05444 0.73307 0.03305 0.17944
0.02850 0.03809 0.02786 0.90554
0.04925 0.02772 0.86288 0.06015
0.05444 0.04328 0.86288 0.03941
0.01813 0.89904 0.02786 0.05497
0.02850 0.05884 0.03305 0.87961
0.02850 0.03291 0.01749 0.92110
0.16335 0.52043 0.18346 0.13276
0.01813 0.03291 0.01749 0.93147
0.01813 0.04328 0.01749 0.92110
0.01813 0.04847 0.03305 0.90035
0.04406 0.90941 0.01749 0.02903
0.85314 0.04847 0.06417 0.03422
0.01813 0.89385 0.01749 0.07053
0.01813 0.01735 0.01749 0.94703
0.04406 0.05365 0.02268 0.87961
0.89463 0.01735 0.05898 0.02903
0.17372 0.04847 0.74877 0.02903
0.03369 0.90423 0.02268 0.03941

>ZNF367 ZNF367_GHTS
0.03385 0.01968 0.01866 0.92781
0.01504 0.01592 0.01113 0.95790
0.01881 0.01592 0.01113 0.95414
0.95180 0.01592 0.01113 0.02115
0.95556 0.01592 0.01113 0.01739
0.90665 0.05354 0.01490 0.02491
0.07900 0.07987 0.44377 0.39736

>ZNF395 ZNF395_GHTS
0.13853 0.07436 0.76862 0.01849
0.02604 0.91104 0.04443 0.01849
0.01198 0.93213 0.03740 0.01849
0.01198 0.03921 0.92330 0.02552
0.01198 0.03921 0.93033 0.01849
0.01198 0.92510 0.04443 0.01849
0.01198 0.93213 0.03740 0.01849
0.01901 0.03217 0.93033 0.01849
0.01901 0.03921 0.92330 0.01849
0.01901 0.81261 0.03740 0.13098

>ZNF493 ZNF493_GHTS
0.15352 0.07171 0.69593 0.07883
0.06737 0.04822 0.82907 0.05534
0.13003 0.07954 0.75076 0.03968
0.43546 0.48678 0.04592 0.03184
0.84270 0.05605 0.07724 0.02401
0.03605 0.89402 0.03025 0.03968
0.02038 0.04822 0.03808 0.89331
0.03605 0.04822 0.87606 0.03968
0.13786 0.04822 0.50015 0.31378
0.02038 0.19702 0.19472 0.58788
0.08304 0.72956 0.09291 0.09450
0.11436 0.15003 0.03025 0.70536
0.07521 0.06388 0.76642 0.09450
0.04388 0.09521 0.75859 0.10233
0.20051 0.10304 0.62545 0.07100
0.09870 0.08737 0.08507 0.72885
0.07521 0.05605 0.78991 0.07883

>ZNF518B ZNF518B_GHTS
0.08974 0.02105 0.87508 0.01413
0.01740 0.02105 0.01097 0.95059
0.94581 0.02105 0.01901 0.01413
0.01740 0.02105 0.94742 0.01413
0.74486 0.02105 0.21594 0.01815
0.22639 0.29837 0.16771 0.30753
0.39519 0.18985 0.13154 0.28341
0.04151 0.20191 0.01097 0.74561
0.01740 0.95750 0.01097 0.01413
0.01740 0.02507 0.01097 0.94657
0.95385 0.02105 0.01097 0.01413
0.01740 0.93339 0.01097 0.03825

>CREB3L3 CREB3L3_HTS
0.44133 0.04330 0.42218 0.09320
0.07795 0.14300 0.12637 0.65268
0.07019 0.14965 0.74789 0.03226
0.75597 0.02779 0.12748 0.08877
0.04360 0.83543 0.06433 0.05664
0.07906 0.01338 0.87751 0.03005
0.07462 0.05437 0.09535 0.77565
0.06244 0.10091 0.77781 0.05885

>FIZ1 FIZ1_HTS
0.06259 0.10329 0.71595 0.11817
0.43451 0.07526 0.38607 0.10415
0.31916 0.03214 0.60276 0.04594
0.08307 0.03106 0.10687 0.77900
0.09709 0.01489 0.46908 0.41894
0.03564 0.71130 0.20065 0.05241
0.11865 0.02675 0.79788 0.05672
0.76223 0.08712 0.09393 0.05672

>GCM1 GCM1_HTS
0.54599 0.04923 0.29287 0.11191
0.06193 0.12668 0.16701 0.64438
0.22113 0.03524 0.68873 0.05490
0.08882 0.50210 0.22725 0.18183
0.11894 0.03524 0.77371 0.07211
0.10280 0.05245 0.74467 0.10008
0.08667 0.05676 0.78770 0.06888
0.12539 0.22672 0.21972 0.42817

>MKX MKX_HTS
0.20499 0.10722 0.29744 0.39036
0.38997 0.01898 0.19856 0.39248
0.72698 0.07533 0.07205 0.12564
0.06147 0.76104 0.11564 0.06185
0.75356 0.03812 0.15072 0.05760
0.17310 0.12636 0.09969 0.60085
0.13908 0.07533 0.68335 0.10225
0.21243 0.13061 0.25066 0.40630

>MSANTD1 MSANTD1_HTS
0.22637 0.14805 0.43968 0.18590
0.13513 0.16522 0.50087 0.19878
0.12762 0.37132 0.25399 0.24708
0.57737 0.06540 0.19173 0.16550
0.06107 0.64933 0.17670 0.11290
0.04604 0.06540 0.17992 0.70864
0.04175 0.05144 0.12303 0.78378
0.73409 0.03964 0.11874 0.10754

>MYPOP MYPOP_HTS
0.07418 0.07301 0.69749 0.15532
0.09424 0.02184 0.01017 0.87375
0.00594 0.01080 0.01318 0.97007
0.61500 0.00880 0.01418 0.36202
0.02902 0.00980 0.95235 0.00883
0.00594 0.97305 0.01117 0.00983
0.00795 0.00779 0.97342 0.01083

>TPRX1 TPRX1_HTS
0.18248 0.64835 0.11910 0.05008
0.06683 0.12839 0.78140 0.02339
0.00850 0.00680 0.97515 0.00955
0.96538 0.01669 0.00838 0.00955
0.00850 0.00581 0.01036 0.97532
0.01641 0.03844 0.01530 0.92985
0.96242 0.00581 0.00937 0.02240

>ZBTB47 ZBTB47_HTS
0.01086 0.00745 0.95316 0.02853
0.02351 0.00453 0.96095 0.01101
0.01086 0.00453 0.97749 0.00712
0.00891 0.00453 0.01216 0.97440
0.00794 0.00453 0.01118 0.97635
0.97620 0.00453 0.01216 0.00712
0.97717 0.00453 0.01118 0.00712

>ZFTA ZFTA_HTS
0.02258 0.02198 0.92249 0.03295
0.02258 0.01570 0.92626 0.03546
0.02886 0.02575 0.92123 0.02416
0.02635 0.86805 0.07014 0.03546
0.03513 0.87056 0.07642 0.01789
0.81970 0.11487 0.03374 0.03169
0.06526 0.82035 0.07642 0.03797
0.59249 0.02324 0.27099 0.11329

>ZNF286B ZNF286B_HTS
0.02532 0.01693 0.01390 0.94385
0.01485 0.94990 0.01390 0.02135
0.73609 0.01809 0.22911 0.01670
0.02299 0.02391 0.02786 0.92524
0.02066 0.01344 0.02205 0.94385
0.80822 0.14955 0.01739 0.02484
0.02997 0.92198 0.01972 0.02833
0.10093 0.56136 0.02903 0.30869

>ZNF500 ZNF500_HTS
0.01849 0.00866 0.02100 0.95185
0.06306 0.02273 0.90064 0.01357
0.02318 0.01100 0.02452 0.94130
0.85591 0.01217 0.10896 0.02295
0.02201 0.01452 0.94873 0.01474
0.93684 0.01217 0.03390 0.01709
0.01028 0.94811 0.02569 0.01592

>ZNF721 ZNF721_HTS
0.02215 0.01030 0.95315 0.01440
0.40111 0.14172 0.24616 0.21101
0.44288 0.08161 0.17790 0.29760
0.67922 0.13663 0.16364 0.02051
0.01502 0.58588 0.07501 0.32409
0.24117 0.15598 0.54464 0.05820
0.00992 0.94855 0.02509 0.01644
0.01094 0.04596 0.01287 0.93023

>ZNF780B ZNF780B_HTS
0.08932 0.09740 0.10176 0.71152
0.12924 0.04500 0.11174 0.71402
0.11802 0.08367 0.10924 0.68907
0.18413 0.73111 0.03190 0.05286
0.83656 0.04625 0.08055 0.03664
0.05190 0.02629 0.87768 0.04413
0.03568 0.86584 0.06558 0.03290
0.89269 0.02504 0.03190 0.05036

>ZNF831 ZNF831_HTS
0.00675 0.00838 0.97461 0.01026
0.26415 0.01520 0.70258 0.01806
0.14032 0.01130 0.83811 0.01026
0.87549 0.01130 0.10197 0.01124
0.29048 0.03470 0.01617 0.65865
0.00967 0.16926 0.01227 0.80880
0.02625 0.93952 0.01130 0.02294
0.00675 0.96779 0.01227 0.01319

>GCM1 GCM1_PBM
0.48389 0.07201 0.36568 0.07842
0.00925 0.96117 0.01445 0.01514
0.01083 0.96433 0.01603 0.00881
0.13582 0.81087 0.02078 0.03254
0.07253 0.15586 0.65996 0.11165
0.00925 0.56089 0.08723 0.34264
0.93163 0.01980 0.02394 0.02463

>MKX MKX_PBM
0.22159 0.15002 0.37682 0.25156
0.19761 0.11706 0.04118 0.64415
0.84793 0.06012 0.05017 0.04178
0.02979 0.77038 0.03218 0.16765
0.72806 0.02715 0.14307 0.10172
0.22758 0.12006 0.08013 0.57223
0.17664 0.13804 0.45474 0.23058

>MSANTD1 MSANTD1_PBM
0.16376 0.47483 0.15851 0.20289
0.17723 0.05962 0.15178 0.61137
0.06950 0.14491 0.10914 0.67645
0.70465 0.14715 0.05976 0.08843
0.79218 0.02820 0.03507 0.14454
0.18172 0.20326 0.51537 0.09965
0.37249 0.13818 0.06874 0.42060

>MYPOP MYPOP_PBM
0.01453 0.07468 0.01554 0.89525
0.45377 0.01026 0.02140 0.51457
0.03650 0.01465 0.93062 0.01823
0.00868 0.96926 0.01115 0.01091
0.04089 0.01904 0.92769 0.01238
0.04528 0.79064 0.01407 0.15001
0.14923 0.42900 0.17513 0.24664

>SP140L SP140L_PBM
0.33819 0.10302 0.21762 0.34116
0.08507 0.18740 0.02778 0.69976
0.10147 0.20146 0.41684 0.28023
0.73663 0.08896 0.05356 0.12085
0.01475 0.95850 0.01137 0.01538
0.01241 0.01630 0.95356 0.01772
0.06632 0.03036 0.03950 0.86382

>TPRX1 TPRX1_PBM
0.04182 0.01727 0.91326 0.02764
0.92141 0.04587 0.02190 0.01083
0.01827 0.02400 0.01854 0.93919
0.01995 0.08287 0.01181 0.88537
0.85750 0.01391 0.01181 0.11678
0.31427 0.18209 0.21195 0.29169
0.20159 0.33346 0.24895 0.21601

>ZFTA ZFTA_PBM
0.06532 0.16150 0.59306 0.18012
0.04074 0.07547 0.35217 0.53162
0.10219 0.06072 0.74300 0.09409
0.05303 0.13938 0.66680 0.14079
0.08499 0.69489 0.13587 0.08426
0.07515 0.71701 0.04000 0.16783
0.07024 0.75880 0.04246 0.12850

>FIZ1 FIZ1_SMS
0.53735 0.03840 0.35757 0.06668
0.05847 0.02693 0.04500 0.86959
0.04126 0.03554 0.23713 0.68607
0.07854 0.73522 0.06221 0.12403
0.15883 0.06134 0.72174 0.05808
0.71801 0.14163 0.05647 0.08389
0.75242 0.04701 0.14537 0.05521

>GCM1 GCM1_SMS
0.05775 0.08794 0.75898 0.09533
0.07050 0.23457 0.11511 0.57982
0.60918 0.03694 0.30317 0.05070
0.05138 0.77325 0.09599 0.07939
0.03863 0.81149 0.10874 0.04114
0.17569 0.62662 0.11830 0.07939
0.04819 0.04332 0.74942 0.15908

>MSANTD1 MSANTD1_SMS
0.02687 0.05186 0.06022 0.86105
0.03231 0.03555 0.04934 0.88281
0.88620 0.04914 0.04118 0.02348
0.85628 0.05186 0.05750 0.03436
0.05406 0.03011 0.88419 0.03164
0.12477 0.10081 0.04934 0.72508
0.12477 0.11441 0.63129 0.12954
0.14652 0.32652 0.29952 0.22743

>SP140L SP140L_SMS
0.22895 0.09575 0.35813 0.31718
0.05627 0.21407 0.06074 0.66892
0.12982 0.11494 0.43807 0.31718
0.58069 0.06697 0.14388 0.20846
0.05947 0.79284 0.05435 0.09334
0.04668 0.03500 0.83777 0.08055
0.05627 0.07017 0.09912 0.77444
0.32807 0.16290 0.30696 0.20206

>TPRX1 TPRX1_SMS
0.34463 0.12953 0.28368 0.24216
0.28204 0.18690 0.14807 0.38299
0.23510 0.17647 0.24195 0.34648
0.30290 0.14518 0.26803 0.28389
0.27161 0.23384 0.32019 0.17436
0.21424 0.07737 0.44536 0.26303
0.23510 0.15039 0.24717 0.36734
0.27683 0.18690 0.25238 0.28389
0.28726 0.09823 0.29411 0.32040
0.17251 0.11910 0.39842 0.30997
0.17251 0.19212 0.32540 0.30997

>ZFTA ZFTA_SMS
0.02836 0.02402 0.91407 0.03355
0.02607 0.04233 0.89575 0.03584
0.04668 0.86664 0.05084 0.03584
0.02149 0.91015 0.03023 0.03813
0.13827 0.79337 0.04168 0.02668
0.03294 0.63767 0.05542 0.27397
0.25963 0.25528 0.12411 0.36098

>ZNF500 ZNF500_SMS
0.05134 0.04794 0.07403 0.82669
0.08951 0.09702 0.77754 0.03592
0.07860 0.05339 0.10675 0.76125
0.55852 0.05339 0.34944 0.03865
0.03225 0.09702 0.82935 0.04137
0.84484 0.04794 0.07676 0.03047
0.02680 0.84417 0.05767 0.07137
0.12769 0.07521 0.73119 0.06592

>ZNF831 ZNF831_SMS
0.07800 0.05998 0.76992 0.09211
0.10310 0.05684 0.75423 0.08583
0.17212 0.07880 0.59736 0.15172
0.47332 0.07880 0.27107 0.17682
0.31331 0.07566 0.12988 0.48115
0.10310 0.37372 0.12361 0.39958
0.09682 0.64040 0.06713 0.19564
0.08113 0.75649 0.07654 0.08583

